buy_cnt: 0 0 1 1 1 1 0 0 1 0 0 1 0 
buy_price: 1018.0 0.0 197.0 81.85 74.56 67.09 0.0 0.0 0.01919 0.0 0.0 0.0 0.0 
spis: FIVE GAZP MTSS ALRS DSKY RUAL SBER YNDX VTBR AFLT MVID IRAO FIXP 
stop_loss: 0.0 0.0 194.29100000000003 81.24864000000001 74.08344000000001 65.82708 0.0 0.0 0.01890096 0.0 0.0 2.44931 0.0 