buy_cnt: 0 1 0 1 1 1 0 0.0 0 0 0 1 1 
buy_price: 0.0 214.29 0.0 81.1 72.68 65.15 0.0 0.0 0.0 0.0 0.0 2.4175 391.6 
spis: FIVE GAZP MTSS ALRS DSKY RUAL SBER YNDX VTBR AFLT MVID IRAO FIXP 
stop_loss: 0.0 213.653 0.0 80.8086 72.46464 64.49008 0.0 0.0 0.0 0.0 220.9934 2.423974 389.55 