buy_cnt: 1 0 0 1 0 1 0 0 0 0 1 1 0 
buy_price: 1018.5 0.0 0.0 81.2 0.0 66.165 0.0 0.0 0.0 0.0 224.4 2.431 0.0 
spis: FIVE GAZP MTSS ALRS DSKY RUAL SBER YNDX VTBR AFLT MVID IRAO FIXP 
stop_loss: 1017.889 0.0 0.0 81.2028 0.0 65.28846 0.0 0.0 0.0 0.0 222.9064 2.42539 0.0 