buy_cnt: 0 0.0 0.0 0 1 0.0 0 1.0 0.0 1 1 0.0 1 
buy_price: 0.0 0.0 0.0 80.27 73.72 0.0 0.0 1643.0 0.0 30.6 226.7 0.0 387.7 
spis: FIVE GAZP MTSS ALRS DSKY RUAL SBER YNDX VTBR AFLT MVID IRAO FIXP 
stop_loss: 0.0 0.0 0.0 0.0 73.35408000000001 0.0 0.0 1651.184 0.0 30.51804 226.2098 0.0 381.0 