buy_cnt: 1 1 1 1 0 1 1 0 1 1 1 1 0 
buy_price: 1017.0 221.53 193.6 81.84 0.0 67.09 117.52 0.0 0.019155 30.32 224.4 2.44 0.0 
spis: FIVE GAZP MTSS ALRS DSKY RUAL SBER YNDX VTBR AFLT MVID IRAO FIXP 
stop_loss: 1013.563 219.43028 0.0 81.21808 0.0 65.82708 0.0 0.0 0.01890096 30.30352 222.9064 0.0 0.0 