buy_cnt: 0 0 0 0 1 1 0 0 1 0 0 0 0 
buy_price: 0.0 0.0 0.0 80.78 71.8 62.635 0.0 0.0 0.018215 0.0 0.0 0.0 0.0 
spis: FIVE GAZP MTSS ALRS DSKY RUAL SBER YNDX VTBR AFLT MVID IRAO FIXP 
stop_loss: 0.0 0.0 0.0 0.0 71.66216 62.43442 0.0 0.0 0.01805 0.0 0.0 0.0 0.0 