buy_cnt: 1 1 1 1 0 1 1 0 1 0 1 1 0 
buy_price: 1017.0 221.53 0.0 81.85 0.0 67.09 119.05 0.0 0.01919 0.0 224.4 2.4595 0.0 
spis: FIVE GAZP MTSS ALRS DSKY RUAL SBER YNDX VTBR AFLT MVID IRAO FIXP 
stop_loss: 1010.473 219.43736 194.0 81.24864000000001 0.0 65.82708 117.26496 0.0 0.01890096 0.0 222.9064 2.438996 0.0 