buy_cnt: 0.0 1 1 1 0 1 1 0.0 1 1 0 1 1 
buy_price: 0.0 212.21 187.45 80.94 0.0 64.495 114.0 0.0 0.01841 29.78 0.0 2.417 386.3 
spis: FIVE GAZP MTSS ALRS DSKY RUAL SBER YNDX VTBR AFLT MVID IRAO FIXP 
stop_loss: 0.0 213.29 189.5 80.9871 0.0 63.997 115.23 0.0 0.0184311 29.618 0.0 2.40348 0.0 