buy_cnt: 0.0 1.0 0.0 0.0 1.0 0.0 1.0 0.0 1.0 1.0 0.0 1.0 1.0 
buy_price: 0.0 205.75 0.0 0.0 72.02 0.0 112.48 0.0 0.018075 29.16 0.0 2.3745 381.9 
spis: FIVE GAZP MTSS ALRS DSKY RUAL SBER YNDX VTBR AFLT MVID IRAO FIXP 
stop_loss: 0.0 205.535 0.0 0.0 71.83 0.0 112.64218 0.0 0.0 29.236 0.0 0.0 0.0 