buy_cnt: 1 0 1 1 1 1 0 1 1 0 1 0 0 
buy_price: 1017.5 0.0 194.35 81.95 74.34 67.09 0.0 1603.2 0.01905 0.0 223.5 0.0 0.0 
spis: FIVE GAZP MTSS ALRS DSKY RUAL SBER YNDX VTBR AFLT MVID IRAO FIXP 
stop_loss: 1010.473 0.0 194.4208 82.22656 74.31 65.99464 0.0 1587.816 0.0190443 0.0 223.2406 2.451766 0.0 