buy_cnt: 1 1 1 1 0 1 1 0.0 0 1 1 1 1 
buy_price: 1020.0 212.24 190.55 81.19 0.0 64.495 114.44 0.0 0.0 30.08 220.4 2.4175 385.4 
spis: FIVE GAZP MTSS ALRS DSKY RUAL SBER YNDX VTBR AFLT MVID IRAO FIXP 
stop_loss: 1017.889 210.7464 188.862 80.9871 0.0 63.89768 114.4032 0.0 0.0 29.96264 221.5 2.41494 385.502 