buy_cnt: 1 1 1 1 0 1 1 0.0 1 1 1 1 0 
buy_price: 1026.0 214.29 190.55 81.19 0.0 64.495 114.54 0.0 0.01848 30.2 222.1 2.4175 0.0 
spis: FIVE GAZP MTSS ALRS DSKY RUAL SBER YNDX VTBR AFLT MVID IRAO FIXP 
stop_loss: 1028.053 211.93268 188.771 80.9871 0.0 63.964940000000006 114.4032 0.0 0.018525 30.3 221.6772 2.41553 0.0 