buy_cnt: 1 0 0 1 0 1 0 0 1 0 0 1 0 
buy_price: 1017.0 0.0 194.1 81.85 0.0 67.09 119.05 0.0 0.01919 0.0 0.0 2.4605 0.0 
spis: FIVE GAZP MTSS ALRS DSKY RUAL SBER YNDX VTBR AFLT MVID IRAO FIXP 
stop_loss: 1010.473 0.0 0.0 81.24864000000001 0.0 65.82708 0.0 0.0 0.01890096 0.0 0.0 2.463 0.0 