buy_cnt: 0.0 0.0 0.0 1 0.0 0 0.0 0.0 0 0.0 0 0.0 0.0 
buy_price: 0.0 0.0 0.0 80.87 0.0 0.0 0.0 0.0 0.0 0.0 0.0 0.0 0.0 
spis: FIVE GAZP MTSS ALRS DSKY RUAL SBER YNDX VTBR AFLT MVID IRAO FIXP 
stop_loss: 0.0 0.0 0.0 80.56627999999999 0.0 65.325 0.0 0.0 0.018876729999999998 0.0 233.5 0.0 0.0 