buy_cnt: 0 0 1 0 1 1 0 1 1 0 1 1 0 
buy_price: 1017.0 0.0 194.35 0.0 74.56 67.09 0.0 1603.2 0.01905 0.0 223.4 0.0 0.0 
spis: FIVE GAZP MTSS ALRS DSKY RUAL SBER YNDX VTBR AFLT MVID IRAO FIXP 
stop_loss: 0.0 0.0 194.4208 0.0 74.31 65.99464 0.0 1587.816 0.018885 0.0 223.2406 2.451766 0.0 