buy_cnt: 0.0 0.0 0.0 1.0 0.0 1.0 0.0 1 0.0 0.0 1 0.0 0.0 
buy_price: 0.0 0.0 0.0 80.34 0.0 65.37 0.0 1643.0 0.0 0.0 227.8 0.0 0.0 
spis: FIVE GAZP MTSS ALRS DSKY RUAL SBER YNDX VTBR AFLT MVID IRAO FIXP 
stop_loss: 0.0 0.0 0.0 80.48084 0.0 65.13499999999999 0.0 0.0 0.0 0.0 226.2098 0.0 0.0 