buy_cnt: 1 0 0 1 1 0 0.0 0.0 0 1 1 0 1 
buy_price: 1027.5 0.0 0.0 81.23 72.32 0.0 0.0 0.0 0.0 29.2 219.1 0.0 381.7 
spis: FIVE GAZP MTSS ALRS DSKY RUAL SBER YNDX VTBR AFLT MVID IRAO FIXP 
stop_loss: 1010.0 0.0 0.0 80.80144 72.10892 0.0 111.6 0.0 0.0 29.1556 0.0 0.0 380.0 