buy_cnt: 0 1 1 1 1 0 0 0 1 1 0 1 1 
buy_price: 0.0 205.8 184.95 80.24 0.0 0.0 0.0 0.0 0.018215 29.2 0.0 2.3745 381.9 
spis: FIVE GAZP MTSS ALRS DSKY RUAL SBER YNDX VTBR AFLT MVID IRAO FIXP 
stop_loss: 0.0 205.535 184.1903 80.02000000000001 72.10892 0.0 0.0 0.0 0.01805 29.12256 0.0 2.3688800000000003 380.0 