buy_cnt: 0.0 1 1 1 0 1 1 0.0 0 1 0 1 1 
buy_price: 0.0 212.24 189.55 81.19 0.0 64.495 114.51 0.0 0.0 29.7 0.0 2.4245 385.4 
spis: FIVE GAZP MTSS ALRS DSKY RUAL SBER YNDX VTBR AFLT MVID IRAO FIXP 
stop_loss: 0.0 210.7464 188.2508 81.12639999999999 0.0 63.997 114.4032 0.0 0.0 29.5562 0.0 2.408064 385.3766 