buy_cnt: 1 1 1 1 1 1 1 0.0 0 1 1 1 0 
buy_price: 1019.0 214.29 189.25 81.2 74.08 65.15 115.44 0.0 0.0 30.34 220.6 2.4195 0.0 
spis: FIVE GAZP MTSS ALRS DSKY RUAL SBER YNDX VTBR AFLT MVID IRAO FIXP 
stop_loss: 1017.889 213.85596 188.6041 80.8086 73.47784 64.49008 115.57212 0.0 0.0 30.15072 220.9934 2.4248 0.0 