buy_cnt: 1 0 0 0 1 0 0.0 0.0 0 0.0 0 1 0.0 
buy_price: 1040.0 0.0 0.0 0.0 72.0 0.0 0.0 0.0 0.0 0.0 0.0 2.3725 0.0 
spis: FIVE GAZP MTSS ALRS DSKY RUAL SBER YNDX VTBR AFLT MVID IRAO FIXP 
stop_loss: 1035.37 0.0 0.0 0.0 71.66216 0.0 0.0 0.0 0.0 0.0 0.0 2.371594 0.0 