buy_cnt: 1 1 1 1 0 1 1 0 0 1 1 0 0 
buy_price: 1017.5 0.0 193.0 81.2 0.0 67.09 117.52 0.0 0.018935 30.52 224.4 2.445 0.0 
spis: FIVE GAZP MTSS ALRS DSKY RUAL SBER YNDX VTBR AFLT MVID IRAO FIXP 
stop_loss: 1017.889 217.9252 191.5788 81.22572000000001 0.0 65.82708 116.38636 0.0 0.0 30.30352 222.9064 0.0 0.0 