buy_cnt: 0.0 1 0 0.0 0 1 0.0 0.0 0.0 0.0 0 1 0 
buy_price: 0.0 0.0 185.35 0.0 72.7 0.0 0.0 0.0 0.0 0.0 0.0 2.3905 0.0 
spis: FIVE GAZP MTSS ALRS DSKY RUAL SBER YNDX VTBR AFLT MVID IRAO FIXP 
stop_loss: 0.0 209.68 0.0 0.0 0.0 62.99616 0.0 0.0 0.0 0.0 0.0 2.386942 0.0 