buy_cnt: 1 0 1 1 1 1 0 0 1 0 0 0 1 
buy_price: 1017.5 0.0 197.0 82.0 74.56 67.09 0.0 0.0 0.01919 0.0 0.0 0.0 382.8 
spis: FIVE GAZP MTSS ALRS DSKY RUAL SBER YNDX VTBR AFLT MVID IRAO FIXP 
stop_loss: 1017.554 0.0 194.29100000000003 82.43 74.08344000000001 65.82708 0.0 0.0 0.01890096 0.0 223.7468 0.0 380.2 