buy_cnt: 1 1 0 1 0 1 0 0 1 1 1 0 0 
buy_price: 1017.0 221.53 193.75 0.0 0.0 67.09 118.9 0.0 0.019155 30.32 224.4 2.444 0.0 
spis: FIVE GAZP MTSS ALRS DSKY RUAL SBER YNDX VTBR AFLT MVID IRAO FIXP 
stop_loss: 1010.782 219.43028 0.0 81.2028 0.0 65.82708 0.0 0.0 0.01890478 30.30352 222.9064 0.0 0.0 