buy_cnt: 0.0 0.0 0.0 0.0 0.0 0 0.0 0.0 0 0.0 0.0 0.0 0.0 
buy_price: 0.0 0.0 0.0 0.0 0.0 0.0 0.0 0.0 0.01877 0.0 0.0 0.0 0.0 
spis: FIVE GAZP MTSS ALRS DSKY RUAL SBER YNDX VTBR AFLT MVID IRAO FIXP 
stop_loss: 0.0 0.0 0.0 0.0 0.0 65.09 0.0 0.0 0.01880154 0.0 0.0 0.0 0.0 