buy_cnt: 0.0 0 1 1 0 1 0 0.0 1 1 0 1 0 
buy_price: 0.0 0.0 186.9 81.02 0.0 64.495 0.0 0.0 0.018435 29.78 0.0 2.417 0.0 
spis: FIVE GAZP MTSS ALRS DSKY RUAL SBER YNDX VTBR AFLT MVID IRAO FIXP 
stop_loss: 0.0 0.0 186.4172 80.9871 0.0 63.997 0.0 0.0 0.01842728 29.786 0.0 2.40348 0.0 