buy_cnt: 0 0 1 1 1 0 0 0.0 1 0 1 0 0 
buy_price: 1018.0 0.0 189.05 81.2 74.08 0.0 0.0 0.0 0.018915 0.0 222.9 0.0 0.0 
spis: FIVE GAZP MTSS ALRS DSKY RUAL SBER YNDX VTBR AFLT MVID IRAO FIXP 
stop_loss: 0.0 0.0 189.6918 81.2028 73.47784 0.0 0.0 0.0 0.018793999999999998 0.0 221.9132 0.0 0.0 