buy_cnt: 1 0 0 1 1 0 0.0 0.0 0 0.0 1 1 0.0 
buy_price: 1040.0 0.0 0.0 81.23 72.0 0.0 0.0 0.0 0.0 0.0 219.0 2.3725 0.0 
spis: FIVE GAZP MTSS ALRS DSKY RUAL SBER YNDX VTBR AFLT MVID IRAO FIXP 
stop_loss: 1035.37 0.0 0.0 80.80144 72.10892 0.0 0.0 0.0 0.0 0.0 216.4132 2.371594 0.0 