buy_cnt: 1 1 0 1 1 1 1 0.0 0 1 0 1 0 
buy_price: 1019.0 214.29 189.25 81.2 74.08 65.15 115.44 0.0 0.0 30.34 221.2 2.4195 0.0 
spis: FIVE GAZP MTSS ALRS DSKY RUAL SBER YNDX VTBR AFLT MVID IRAO FIXP 
stop_loss: 1017.889 213.85596 0.0 81.2028 73.47784 64.49008 115.63584 0.0 0.0 30.15072 0.0 2.42539 0.0 