buy_cnt: 1 1 0 1 0 1 1 0.0 0 1 1 0 1 
buy_price: 1022.0 212.24 0.0 81.19 0.0 64.495 114.37 0.0 0.0 29.7 220.4 0.0 385.4 
spis: FIVE GAZP MTSS ALRS DSKY RUAL SBER YNDX VTBR AFLT MVID IRAO FIXP 
stop_loss: 1017.889 210.7464 188.862 80.9871 0.0 63.89768 113.8484 0.0 0.0 30.0 219.5492 2.41494 385.502 