buy_cnt: 1 1 0 1 1 1 1 0.0 0 1 1 0 0 
buy_price: 1007.5 214.29 0.0 81.2 74.08 65.15 115.44 0.0 0.0 30.34 0.0 2.412 0.0 
spis: FIVE GAZP MTSS ALRS DSKY RUAL SBER YNDX VTBR AFLT MVID IRAO FIXP 
stop_loss: 1003.611 213.85596 0.0 80.8086 73.47784 64.49008 114.90744 0.0 0.0 30.15072 218.44819999999999 0.0 0.0 