buy_cnt: 0.0 0 0 1 0.0 0 0.0 0.0 0 0.0 1 1 0.0 
buy_price: 0.0 0.0 0.0 80.73 0.0 0.0 0.0 0.0 0.0 0.0 219.1 2.3725 0.0 
spis: FIVE GAZP MTSS ALRS DSKY RUAL SBER YNDX VTBR AFLT MVID IRAO FIXP 
stop_loss: 0.0 0.0 0.0 80.80144 0.0 0.0 0.0 0.0 0.0 0.0 219.14339999999999 2.371594 0.0 