buy_cnt: 0.0 1 1 1 1 1 1 0.0 1 1 0 1 0 
buy_price: 0.0 211.0 186.9 81.02 73.08 64.495 114.8 0.0 0.018435 29.78 0.0 2.4155 0.0 
spis: FIVE GAZP MTSS ALRS DSKY RUAL SBER YNDX VTBR AFLT MVID IRAO FIXP 
stop_loss: 0.0 212.98 186.4172 80.9871 0.0 63.997 114.92 0.0 0.01846 29.618 0.0 0.0 0.0 