buy_cnt: 0.0 1 1 1 0 1 1 0.0 0.0 1 0 1 0 
buy_price: 0.0 211.0 186.9 80.94 0.0 63.27 113.8 0.0 0.0 29.78 0.0 2.4055 0.0 
spis: FIVE GAZP MTSS ALRS DSKY RUAL SBER YNDX VTBR AFLT MVID IRAO FIXP 
stop_loss: 0.0 209.2948 186.4172 80.9871 0.0 64.43 113.65364 0.0 0.0 29.618 0.0 2.393548 0.0 