buy_cnt: 1 1 1 1 0 1 1 1 1 0 1 0 0 
buy_price: 1017.0 221.53 193.0 81.2 0.0 67.09 117.52 1576.2 0.019155 0.0 224.4 0.0 0.0 
spis: FIVE GAZP MTSS ALRS DSKY RUAL SBER YNDX VTBR AFLT MVID IRAO FIXP 
stop_loss: 1013.563 219.43028 191.31140000000002 81.2028 0.0 65.82708 116.78363999999999 1561.8 0.01890096 0.0 222.9064 0.0 0.0 