buy_cnt: 1 0 1 1 1 1 0 0 1 0 0 1 1 
buy_price: 1017.0 0.0 197.0 81.84 74.56 67.09 0.0 0.0 0.01919 0.0 0.0 2.465 382.8 
spis: FIVE GAZP MTSS ALRS DSKY RUAL SBER YNDX VTBR AFLT MVID IRAO FIXP 
stop_loss: 1010.473 0.0 194.29100000000003 81.94 74.08344000000001 65.82708 0.0 0.0 0.01890096 0.0 0.0 2.44931 380.2 