buy_cnt: 0 0 1 1 1 1 0 1 0 1 0 0 0 
buy_price: 0.0 0.0 185.7 80.73 72.08 62.635 0.0 1592.2 0.0 29.12 0.0 0.0 0.0 
spis: FIVE GAZP MTSS ALRS DSKY RUAL SBER YNDX VTBR AFLT MVID IRAO FIXP 
stop_loss: 0.0 0.0 185.14530000000002 80.80144 71.66216 62.43678 0.0 1560.0 0.0 29.1556 0.0 0.0 0.0 