buy_cnt: 0.0 1 1 1 1 1 0 0.0 1 1 0 1 0 
buy_price: 0.0 211.0 186.9 80.96 73.1 64.495 0.0 0.0 0.018435 29.78 0.0 2.4055 0.0 
spis: FIVE GAZP MTSS ALRS DSKY RUAL SBER YNDX VTBR AFLT MVID IRAO FIXP 
stop_loss: 0.0 209.2948 186.4172 80.5923 73.1 63.997 0.0 0.0 0.01834706 29.618 0.0 2.396986 0.0 