buy_cnt: 1 1 1 1 0 1 1 0 1 1 1 1 0 
buy_price: 1017.0 221.53 193.45 81.84 0.0 67.09 118.9 0.0 0.019155 30.32 224.4 2.444 0.0 
spis: FIVE GAZP MTSS ALRS DSKY RUAL SBER YNDX VTBR AFLT MVID IRAO FIXP 
stop_loss: 1010.782 219.43028 0.0 81.84 0.0 65.82708 117.28788 0.0 0.01890096 30.30352 222.9064 2.4455 0.0 