buy_cnt: 0.0 0.0 0.0 1.0 0.0 0.0 0.0 1.0 1.0 0.0 1 0.0 0.0 
buy_price: 0.0 0.0 0.0 80.34 0.0 0.0 0.0 1643.0 0.018865 0.0 225.3 0.0 0.0 
spis: FIVE GAZP MTSS ALRS DSKY RUAL SBER YNDX VTBR AFLT MVID IRAO FIXP 
stop_loss: 0.0 0.0 0.0 80.48084 0.0 0.0 0.0 1637.9252000000001 0.01868 0.0 223.87460000000002 0.0 0.0 