buy_cnt: 0.0 0.0 1 0.0 0.0 1 0.0 0.0 0.0 0.0 1 1 0.0 
buy_price: 0.0 0.0 184.65 0.0 0.0 62.495 0.0 0.0 0.0 0.0 219.3 2.3725 0.0 
spis: FIVE GAZP MTSS ALRS DSKY RUAL SBER YNDX VTBR AFLT MVID IRAO FIXP 
stop_loss: 0.0 0.0 183.9038 0.0 0.0 62.573660000000004 0.0 0.0 0.0 0.0 219.14339999999999 2.371594 0.0 