buy_cnt: 0 0.0 0.0 1 1 0.0 0 1.0 0.0 1 0 1 1 
buy_price: 0.0 0.0 0.0 80.25 73.72 0.0 0.0 1643.0 0.0 30.6 0.0 2.4265 387.7 
spis: FIVE GAZP MTSS ALRS DSKY RUAL SBER YNDX VTBR AFLT MVID IRAO FIXP 
stop_loss: 0.0 0.0 0.0 80.2 73.35408000000001 0.0 0.0 1651.184 0.0 30.51804 0.0 2.4192899999999997 0.0 