buy_cnt: 1.0 0.0 1.0 0.0 1.0 0.0 0.0 1.0 1.0 0.0 1.0 1.0 0.0 
buy_price: 1017.5 0.0 194.35 81.95 74.34 67.09 0.0 1603.2 0.01905 0.0 223.5 2.455 0.0 
spis: FIVE GAZP MTSS ALRS DSKY RUAL SBER YNDX VTBR AFLT MVID IRAO FIXP 
stop_loss: 1071.0 0.0 208.3993 0.0 75.0 0.0 0.0 1684.2 0.01952 0.0 224.6 2.677713 0.0 