buy_cnt: 1 1 1 1 0 1 1 0 1 1 1 1 0 
buy_price: 1017.0 221.53 0.0 81.83 0.0 67.09 0.0 0.0 0.019155 30.32 224.4 0.0 0.0 
spis: FIVE GAZP MTSS ALRS DSKY RUAL SBER YNDX VTBR AFLT MVID IRAO FIXP 
stop_loss: 1010.782 219.43028 193.75 81.2028 0.0 65.82708 117.57056 0.0 0.019195 30.30352 222.9064 2.428682 0.0 