buy_cnt: 0 1 1 0 1 0 1 0 0 1 0 1 1 
buy_price: 0.0 0.0 185.2 0.0 72.02 0.0 112.48 0.0 0.0 29.16 0.0 2.3745 381.9 
spis: FIVE GAZP MTSS ALRS DSKY RUAL SBER YNDX VTBR AFLT MVID IRAO FIXP 
stop_loss: 0.0 205.535 184.97500000000002 0.0 71.65272 0.0 111.6 0.0 0.0 29.07516 0.0 2.3687620000000003 380.0 