buy_cnt: 0.0 1.0 1 0.0 0.0 0.0 0.0 0.0 0.0 1.0 0.0 1 1 
buy_price: 0.0 205.75 185.1 0.0 0.0 0.0 0.0 0.0 0.0 29.16 0.0 2.393 385.3 
spis: FIVE GAZP MTSS ALRS DSKY RUAL SBER YNDX VTBR AFLT MVID IRAO FIXP 
stop_loss: 0.0 206.99516 184.58360000000002 0.0 0.0 0.0 0.0 0.0 0.0 29.618 0.0 2.3893 384.6986 