buy_cnt: 0 1 1 1 0 1 0 0.0 0 1 0 1 1 
buy_price: 0.0 214.29 190.55 81.75 0.0 64.43 0.0 0.0 0.0 30.52 0.0 2.4175 384.0 
spis: FIVE GAZP MTSS ALRS DSKY RUAL SBER YNDX VTBR AFLT MVID IRAO FIXP 
stop_loss: 0.0 213.31552 189.494 81.2028 0.0 63.98403999999999 0.0 0.0 0.0 30.05904 0.0 2.4247379999999996 385.04240000000004 