buy_cnt: 1 1 1 1 0 1 1 1 1 1 1 1 0 
buy_price: 1017.0 221.53 193.0 81.2 0.0 67.09 117.52 1569.0 0.0191 30.52 224.4 2.4425 0.0 
spis: FIVE GAZP MTSS ALRS DSKY RUAL SBER YNDX VTBR AFLT MVID IRAO FIXP 
stop_loss: 1017.889 222.7 191.5788 81.22572000000001 0.0 65.82708 116.91351999999999 1561.8 0.019145 30.30352 222.9064 2.445 0.0 