buy_cnt: 1 0 1 1 0 0 0 0.0 1 0 1 0 0 
buy_price: 1016.0 0.0 189.25 81.2 0.0 0.0 0.0 0.0 0.018915 0.0 223.5 0.0 0.0 
spis: FIVE GAZP MTSS ALRS DSKY RUAL SBER YNDX VTBR AFLT MVID IRAO FIXP 
stop_loss: 1017.889 0.0 0.0 81.2028 0.0 0.0 0.0 1550.0 0.01871378 0.0 224.1 0.0 0.0 