buy_cnt: 1 1 1 1 0 1 1 0.0 1 1 1 1 1 
buy_price: 1026.5 214.29 190.45 81.19 0.0 64.495 115.6 0.0 0.01848 30.52 222.1 2.4175 382.5 
spis: FIVE GAZP MTSS ALRS DSKY RUAL SBER YNDX VTBR AFLT MVID IRAO FIXP 
stop_loss: 1017.889 212.5286 188.8474 80.98124 0.0 63.964940000000006 114.747 0.0 0.01854188 30.2224 221.6772 2.41553 384.0788 