buy_cnt: 0 1 1 0 0 0 1 0 1 0 0 1 1 
buy_price: 0.0 205.8 185.2 0.0 0.0 0.0 112.48 0.0 0.018215 0.0 0.0 2.3745 381.9 
spis: FIVE GAZP MTSS ALRS DSKY RUAL SBER YNDX VTBR AFLT MVID IRAO FIXP 
stop_loss: 0.0 205.535 184.97500000000002 0.0 0.0 0.0 111.6 0.0 0.01805 0.0 0.0 2.3688800000000003 380.0 