buy_cnt: 0.0 1 1 0.0 1 0.0 0.0 0.0 0.0 0.0 0 1 0 
buy_price: 0.0 208.76 185.35 0.0 72.0 0.0 0.0 0.0 0.0 0.0 0.0 2.3905 0.0 
spis: FIVE GAZP MTSS ALRS DSKY RUAL SBER YNDX VTBR AFLT MVID IRAO FIXP 
stop_loss: 0.0 206.99516 185.15 0.0 72.29191999999999 0.0 0.0 0.0 0.0 0.0 0.0 2.386942 0.0 