buy_cnt: 0 0.0 0.0 1 1 0.0 0 1.0 0.0 1 1 1 0 
buy_price: 0.0 0.0 0.0 80.25 73.72 0.0 0.0 1643.0 0.0 30.6 226.8 2.4265 0.0 
spis: FIVE GAZP MTSS ALRS DSKY RUAL SBER YNDX VTBR AFLT MVID IRAO FIXP 
stop_loss: 0.0 0.0 0.0 80.2 73.76 0.0 0.0 1651.184 0.0 30.51804 227.85000000000002 2.430605 0.0 