buy_cnt: 0.0 1.0 0 0.0 0.0 0.0 0.0 0.0 0.0 1.0 0.0 0.0 0.0 
buy_price: 0.0 205.75 0.0 0.0 0.0 0.0 0.0 0.0 0.0 29.16 0.0 0.0 0.0 
spis: FIVE GAZP MTSS ALRS DSKY RUAL SBER YNDX VTBR AFLT MVID IRAO FIXP 
stop_loss: 0.0 206.99516 184.58360000000002 0.0 0.0 0.0 0.0 0.0 0.0 29.382 0.0 0.0 0.0 