buy_cnt: 0.0 1 1 1 0.0 0 0.0 0.0 0.0 0.0 1 1 0.0 
buy_price: 0.0 205.15 184.65 80.73 0.0 0.0 0.0 0.0 0.0 0.0 219.2 2.3725 0.0 
spis: FIVE GAZP MTSS ALRS DSKY RUAL SBER YNDX VTBR AFLT MVID IRAO FIXP 
stop_loss: 0.0 205.535 185.2599 80.80144 0.0 0.0 0.0 0.0 0.0 0.0 0.0 2.371594 0.0 