buy_cnt: 0.0 0.0 0.0 1.0 0.0 1.0 0.0 1 1 0.0 0 0.0 0.0 
buy_price: 0.0 0.0 0.0 80.34 0.0 65.37 0.0 1643.0 0.018865 0.0 0.0 0.0 0.0 
spis: FIVE GAZP MTSS ALRS DSKY RUAL SBER YNDX VTBR AFLT MVID IRAO FIXP 
stop_loss: 0.0 0.0 0.0 80.48084 0.0 65.3 0.0 1638.96 0.01868 0.0 226.9514 0.0 0.0 