buy_cnt: 1 0 1 1 1 1 1 0 0 0 1 0 1 
buy_price: 1017.0 0.0 194.35 82.81 74.56 67.09 122.14 0.0 0.0 0.0 224.8 0.0 383.0 
spis: FIVE GAZP MTSS ALRS DSKY RUAL SBER YNDX VTBR AFLT MVID IRAO FIXP 
stop_loss: 1017.554 0.0 194.29100000000003 82.22656 74.08344000000001 65.82708 119.95424 0.0 0.0 0.0 223.7468 0.0 383.11039999999997 