buy_cnt: 0 0 1 1 1 0 0 1 1 0 0 1 1 
buy_price: 0.0 0.0 0.0 0.0 72.04 0.0 0.0 1553.8 0.018215 29.16 0.0 2.3745 381.9 
spis: FIVE GAZP MTSS ALRS DSKY RUAL SBER YNDX VTBR AFLT MVID IRAO FIXP 
stop_loss: 0.0 0.0 184.1903 80.02000000000001 71.66216 0.0 0.0 1550.2 0.01805 0.0 0.0 2.3688800000000003 380.0 