buy_cnt: 0.0 1 1 1 0 1 1 0.0 0 1 0 1 1 
buy_price: 0.0 212.24 189.55 81.19 0.0 64.495 114.34 0.0 0.0 29.7 0.0 2.4345 385.4 
spis: FIVE GAZP MTSS ALRS DSKY RUAL SBER YNDX VTBR AFLT MVID IRAO FIXP 
stop_loss: 0.0 210.7464 190.7 81.12639999999999 0.0 63.997 113.8484 0.0 0.0 29.7074 0.0 2.41494 385.3766 