buy_cnt: 1 0 1 1 1 1 0 1 0 1 0 0 0 
buy_price: 1027.5 0.0 185.0 81.23 72.04 62.635 0.0 1557.6 0.0 29.12 0.0 0.0 0.0 
spis: FIVE GAZP MTSS ALRS DSKY RUAL SBER YNDX VTBR AFLT MVID IRAO FIXP 
stop_loss: 1010.0 0.0 186.22500000000002 80.80144 72.10892 62.43678 0.0 1560.0 0.0 29.1556 0.0 0.0 0.0 