buy_cnt: 1 1 1 1 0 1 0 0.0 1 1 1 1 0 
buy_price: 1026.5 214.29 190.45 81.19 0.0 64.495 0.0 0.0 0.01848 30.52 222.1 2.4175 0.0 
spis: FIVE GAZP MTSS ALRS DSKY RUAL SBER YNDX VTBR AFLT MVID IRAO FIXP 
stop_loss: 1017.889 215.8 188.8474 81.55 0.0 63.964940000000006 0.0 0.0 0.01856862 30.2224 221.6772 2.41553 0.0 