buy_cnt: 1 0 0 1 0 1 0 0 1 0 1 1 0 
buy_price: 1016.0 0.0 0.0 81.2 0.0 66.955 0.0 0.0 0.018855 0.0 224.4 2.431 0.0 
spis: FIVE GAZP MTSS ALRS DSKY RUAL SBER YNDX VTBR AFLT MVID IRAO FIXP 
stop_loss: 1010.75 0.0 0.0 81.2028 0.0 65.85 0.0 0.0 0.018744339999999998 0.0 222.9064 2.425626 0.0 