buy_cnt: 1 1 1 1 1 1 1 0.0 1 1 1 1 1 
buy_price: 1026.5 214.29 190.45 81.75 72.98 0.0 115.79 0.0 0.01848 30.52 222.1 2.4175 0.0 
spis: FIVE GAZP MTSS ALRS DSKY RUAL SBER YNDX VTBR AFLT MVID IRAO FIXP 
stop_loss: 1017.889 213.31552 191.5 81.2028 72.76 63.98403999999999 114.90744 0.0 0.0185075 30.05432 221.6772 2.4212599999999997 384.0788 