buy_cnt: 1 1 1 1 0 1 1 0 1 1 1 0 0 
buy_price: 1017.5 220.51 193.0 81.2 0.0 67.09 0.0 0.0 0.0 30.52 224.4 2.431 0.0 
spis: FIVE GAZP MTSS ALRS DSKY RUAL SBER YNDX VTBR AFLT MVID IRAO FIXP 
stop_loss: 1010.75 217.19176000000002 191.5788 81.2028 0.0 65.82708 116.38636 0.0 0.01880928 30.30352 222.9064 0.0 0.0 