buy_cnt: 1 0 1 1 1 1 1 1 1 0 1 1 0 
buy_price: 1017.0 0.0 194.35 83.1 74.56 67.09 124.6 1600.0 0.019505 0.0 224.8 2.464 0.0 
spis: FIVE GAZP MTSS ALRS DSKY RUAL SBER YNDX VTBR AFLT MVID IRAO FIXP 
stop_loss: 1017.554 0.0 194.29100000000003 82.22656 74.08344000000001 65.82708 121.84728 1597.792 0.01922842 0.0 223.7468 2.471 0.0 