buy_cnt: 1 0 1 1 0 1 0 0.0 1 1 1 1 0 
buy_price: 1020.0 0.0 190.55 81.19 0.0 64.495 0.0 0.0 0.01848 30.08 221.3 2.4175 0.0 
spis: FIVE GAZP MTSS ALRS DSKY RUAL SBER YNDX VTBR AFLT MVID IRAO FIXP 
stop_loss: 1017.889 210.91448 188.862 80.9871 0.0 63.89768 114.4032 0.0 0.01838144 0.0 220.084 2.41494 385.502 