buy_cnt: 0.0 0.0 0.0 1 0.0 1 0.0 1 1 0.0 1 1 0.0 
buy_price: 0.0 0.0 0.0 80.34 0.0 65.37 0.0 1641.0 0.01888 0.0 226.1 2.422 0.0 
spis: FIVE GAZP MTSS ALRS DSKY RUAL SBER YNDX VTBR AFLT MVID IRAO FIXP 
stop_loss: 0.0 0.0 0.0 80.48084 0.0 65.13499999999999 0.0 1641.8827999999999 0.01887688 0.0 223.87460000000002 2.4192899999999997 0.0 