buy_cnt: 1 0 1 1 0 1 1 0 1 1 1 1 0 
buy_price: 1018.0 220.51 193.0 81.2 0.0 67.09 117.52 0.0 0.018935 30.52 224.4 0.0 0.0 
spis: FIVE GAZP MTSS ALRS DSKY RUAL SBER YNDX VTBR AFLT MVID IRAO FIXP 
stop_loss: 1017.889 0.0 191.5788 81.22572000000001 0.0 65.82708 116.38636 0.0 0.01880928 30.30352 222.9064 2.445 0.0 