buy_cnt: 1 0 0 1 0 1 0 0 1 0 1 0 0 
buy_price: 1009.0 0.0 0.0 81.85 0.0 67.09 0.0 0.0 0.01919 0.0 224.0 0.0 0.0 
spis: FIVE GAZP MTSS ALRS DSKY RUAL SBER YNDX VTBR AFLT MVID IRAO FIXP 
stop_loss: 1004.75 0.0 0.0 81.24864000000001 0.0 65.82708 0.0 0.0 0.01890096 0.0 222.9064 0.0 0.0 