buy_cnt: 1 0 1 1 0 1 0 0 1 0 1 1 0 
buy_price: 1017.0 0.0 194.0 81.85 0.0 67.09 0.0 0.0 0.01919 0.0 224.0 2.464 0.0 
spis: FIVE GAZP MTSS ALRS DSKY RUAL SBER YNDX VTBR AFLT MVID IRAO FIXP 
stop_loss: 1010.473 0.0 191.8462 81.24864000000001 0.0 65.82708 0.0 0.0 0.01890096 0.0 222.9064 2.445872 0.0 