buy_cnt: 1 0 1 1 1 1 0 0.0 0 0 1 0 0 
buy_price: 1017.5 0.0 189.05 81.2 74.08 65.15 0.0 0.0 0.0 0.0 221.2 0.0 0.0 
spis: FIVE GAZP MTSS ALRS DSKY RUAL SBER YNDX VTBR AFLT MVID IRAO FIXP 
stop_loss: 1010.75 0.0 188.6041 81.2028 73.47784 64.49008 0.0 0.0 0.0 0.0 220.9934 0.0 0.0 