buy_cnt: 1 0 0 1 0 0 0.0 0.0 0 1 1 0 0.0 
buy_price: 0.0 0.0 0.0 81.23 0.0 0.0 0.0 0.0 0.0 0.0 219.0 0.0 0.0 
spis: FIVE GAZP MTSS ALRS DSKY RUAL SBER YNDX VTBR AFLT MVID IRAO FIXP 
stop_loss: 1010.0 0.0 0.0 80.80144 0.0 0.0 0.0 0.0 0.0 29.16032 216.4132 0.0 0.0 