buy_cnt: 0.0 1 1 1 0 1 1 0.0 1 1 0 1 0 
buy_price: 0.0 211.0 186.9 80.96 0.0 64.495 114.8 0.0 0.018435 29.78 0.0 2.4055 0.0 
spis: FIVE GAZP MTSS ALRS DSKY RUAL SBER YNDX VTBR AFLT MVID IRAO FIXP 
stop_loss: 0.0 209.2948 186.4172 0.0 72.59024 63.997 114.05176 0.0 0.01835852 29.618 0.0 0.0 0.0 