buy_cnt: 1 0 1 0 1 1 0 1 1 0 1 1 0 
buy_price: 1017.0 0.0 194.35 0.0 74.56 67.09 0.0 1603.2 0.01905 0.0 223.4 2.459 0.0 
spis: FIVE GAZP MTSS ALRS DSKY RUAL SBER YNDX VTBR AFLT MVID IRAO FIXP 
stop_loss: 1017.554 0.0 194.29100000000003 0.0 74.08344000000001 65.82708 0.0 1584.04 0.01902329 0.0 222.47660000000002 2.448344 0.0 