buy_cnt: 0 0 0 0 0 0 0 1 1 0 0 1 0 
buy_price: 0.0 0.0 0.0 0.0 0.0 0.0 0.0 1553.8 0.018215 0.0 0.0 2.3745 0.0 
spis: FIVE GAZP MTSS ALRS DSKY RUAL SBER YNDX VTBR AFLT MVID IRAO FIXP 
stop_loss: 0.0 0.0 0.0 0.0 0.0 0.0 0.0 1538.6 0.01805 0.0 0.0 2.369706 0.0 