buy_cnt: 1 1 1 1 0 1 1 0.0 0 1 0 1 1 
buy_price: 1022.0 212.24 190.15 81.19 0.0 64.495 114.34 0.0 0.0 29.7 0.0 2.4345 385.4 
spis: FIVE GAZP MTSS ALRS DSKY RUAL SBER YNDX VTBR AFLT MVID IRAO FIXP 
stop_loss: 1017.889 210.7464 188.7474 80.9871 0.0 63.89768 114.4032 0.0 0.0 29.67232 0.0 2.41494 385.502 