buy_cnt: 0.0 1 1 1 0 1 1 0.0 0 1 0 1 1 
buy_price: 0.0 212.21 187.45 80.94 0.0 64.495 114.0 0.0 0.0 29.78 0.0 2.417 385.0 
spis: FIVE GAZP MTSS ALRS DSKY RUAL SBER YNDX VTBR AFLT MVID IRAO FIXP 
stop_loss: 0.0 210.41024000000002 187.4486 80.5923 0.0 63.997 113.74952 0.0 0.018354449999999998 29.786 0.0 2.40348 0.0 