buy_cnt: 0 1 0 1 1 1 0 0.0 0 1 1 1 0 
buy_price: 0.0 214.29 0.0 81.2 73.3 65.15 0.0 0.0 0.0 30.34 220.9 2.4155 0.0 
spis: FIVE GAZP MTSS ALRS DSKY RUAL SBER YNDX VTBR AFLT MVID IRAO FIXP 
stop_loss: 0.0 213.81112 0.0 80.8086 72.88192000000001 64.49008 0.0 0.0 0.0 30.15072 220.9934 2.41385 0.0 