buy_cnt: 0 1 0 1 0 1 0 0.0 0 0 0 1 1 
buy_price: 0.0 214.29 0.0 81.75 0.0 65.15 0.0 0.0 0.0 30.52 0.0 2.4175 391.3 
spis: FIVE GAZP MTSS ALRS DSKY RUAL SBER YNDX VTBR AFLT MVID IRAO FIXP 
stop_loss: 0.0 213.653 0.0 81.2028 0.0 64.49008 0.0 0.0 0.0 0.0 0.0 2.423974 388.9388 