buy_cnt: 0 0 1 1 0 1 0 0 1 1 1 1 0 
buy_price: 0.0 0.0 191.4 81.2 0.0 67.09 0.0 0.0 0.018855 30.52 224.4 2.431 0.0 
spis: FIVE GAZP MTSS ALRS DSKY RUAL SBER YNDX VTBR AFLT MVID IRAO FIXP 
stop_loss: 0.0 0.0 190.471 81.2028 0.0 65.89966 0.0 0.0 0.018975 30.30352 222.9064 2.43021 0.0 