buy_cnt: 0.0 1 1 1 0 1 1 0.0 0 1 0 1 1 
buy_price: 0.0 212.24 189.55 81.48 0.0 64.495 114.19 0.0 0.0 29.78 0.0 2.4155 385.3 
spis: FIVE GAZP MTSS ALRS DSKY RUAL SBER YNDX VTBR AFLT MVID IRAO FIXP 
stop_loss: 0.0 210.7464 188.2508 81.12639999999999 0.0 63.997 113.8484 0.0 0.0 29.7074 0.0 2.40348 385.3766 