buy_cnt: 1 1 1 1 0 1 1 0 1 1 1 1 0 
buy_price: 1017.0 221.53 193.0 81.2 0.0 67.09 117.52 0.0 0.019155 30.32 224.4 2.44 0.0 
spis: FIVE GAZP MTSS ALRS DSKY RUAL SBER YNDX VTBR AFLT MVID IRAO FIXP 
stop_loss: 1013.563 219.43028 191.31140000000002 81.84 0.0 65.82708 116.91351999999999 0.0 0.01890096 30.30352 222.9064 2.427536 0.0 