buy_cnt: 0 1 1 1 0 1 1 1 1 1 1 0 0 
buy_price: 1017.5 221.53 193.0 81.2 0.0 67.09 117.52 1569.0 0.01905 30.52 224.4 2.445 0.0 
spis: FIVE GAZP MTSS ALRS DSKY RUAL SBER YNDX VTBR AFLT MVID IRAO FIXP 
stop_loss: 0.0 217.94048 191.5788 81.22572000000001 0.0 65.82708 118.01 1561.8 0.01908 30.30352 222.9064 0.0 0.0 