buy_cnt: 1 1 0 1 1 1 1 0.0 0 1 1 1 0 
buy_price: 1007.5 214.29 0.0 81.2 73.98 65.15 115.44 0.0 0.0 30.34 219.8 2.4125 0.0 
spis: FIVE GAZP MTSS ALRS DSKY RUAL SBER YNDX VTBR AFLT MVID IRAO FIXP 
stop_loss: 1003.611 213.85596 0.0 80.8086 73.98 64.49008 114.90744 0.0 0.0 30.15072 219.5066 2.41385 0.0 