buy_cnt: 0.0 0 0 1 0 1 0 0.0 1 1 0 1 1 
buy_price: 0.0 0.0 0.0 80.94 0.0 64.495 0.0 0.0 0.01841 29.78 0.0 2.417 386.3 
spis: FIVE GAZP MTSS ALRS DSKY RUAL SBER YNDX VTBR AFLT MVID IRAO FIXP 
stop_loss: 0.0 0.0 0.0 80.9871 0.0 63.89768 0.0 0.0 0.01837762 29.786 0.0 2.400424 386.05 