buy_cnt: 0 0 1 1 0 0 0 0 0 0 1 1 0 
buy_price: 1017.5 0.0 189.5 81.2 0.0 0.0 0.0 0.0 0.0 0.0 224.4 2.431 0.0 
spis: FIVE GAZP MTSS ALRS DSKY RUAL SBER YNDX VTBR AFLT MVID IRAO FIXP 
stop_loss: 0.0 0.0 189.78619999999998 81.2028 0.0 0.0 0.0 0.0 0.0 0.0 222.9064 2.42539 0.0 