buy_cnt: 1 1 0 1 0 1 1 0.0 1 1 1 1 0 
buy_price: 1026.5 214.29 0.0 81.75 0.0 64.43 115.79 0.0 0.01848 30.52 222.1 2.4175 0.0 
spis: FIVE GAZP MTSS ALRS DSKY RUAL SBER YNDX VTBR AFLT MVID IRAO FIXP 
stop_loss: 1017.889 213.31552 0.0 81.2028 0.0 63.98403999999999 114.90744 0.0 0.0185075 30.05904 221.9132 2.423974 383.3 