buy_cnt: 0.0 1 1 1 0 1 0 0.0 1 1 0 1 1 
buy_price: 0.0 212.24 189.55 81.2 0.0 64.495 0.0 0.0 0.01841 29.78 0.0 2.417 385.2 
spis: FIVE GAZP MTSS ALRS DSKY RUAL SBER YNDX VTBR AFLT MVID IRAO FIXP 
stop_loss: 0.0 210.7464 188.2508 81.54 0.0 63.89768 113.8484 0.0 0.0 29.7074 0.0 2.42 385.3766 