buy_cnt: 1 1 0 1 0 1 0 0.0 0 1 1 1 1 
buy_price: 1015.5 214.29 0.0 81.2 0.0 65.15 0.0 0.0 0.0 30.34 221.0 2.4175 386.7 
spis: FIVE GAZP MTSS ALRS DSKY RUAL SBER YNDX VTBR AFLT MVID IRAO FIXP 
stop_loss: 0.0 213.653 0.0 80.8086 0.0 64.49008 0.0 0.0 0.0 30.15072 220.9934 2.4248 385.2716 