buy_cnt: 1 0 1 1 1 1 1 1 1 0 1 1 1 
buy_price: 1017.0 0.0 194.35 83.1 74.56 67.09 0.0 1600.0 0.019505 0.0 224.8 2.464 383.0 
spis: FIVE GAZP MTSS ALRS DSKY RUAL SBER YNDX VTBR AFLT MVID IRAO FIXP 
stop_loss: 1017.554 0.0 194.29100000000003 82.24184 74.08344000000001 65.82708 121.82604 1583.1232 0.01920274 0.0 223.7468 2.4474 383.11039999999997 