buy_cnt: 1 1 1 0 1 1 1 0.0 1 1 1 1 0 
buy_price: 1026.5 214.29 190.45 0.0 72.98 64.495 115.79 0.0 0.01848 30.52 222.1 2.4175 0.0 
spis: FIVE GAZP MTSS ALRS DSKY RUAL SBER YNDX VTBR AFLT MVID IRAO FIXP 
stop_loss: 1017.889 213.44539999999998 188.8474 81.24864000000001 72.51384 63.964940000000006 115.04496 0.0 0.01856862 30.2224 221.6772 2.41553 0.0 