buy_cnt: 0.0 1 0 1 1 1 1 0.0 0.0 0.0 0 1 0 
buy_price: 0.0 211.0 0.0 80.94 72.9 63.27 113.8 0.0 0.0 0.0 0.0 2.4055 0.0 
spis: FIVE GAZP MTSS ALRS DSKY RUAL SBER YNDX VTBR AFLT MVID IRAO FIXP 
stop_loss: 0.0 209.2948 0.0 80.5923 72.9 63.68758 113.65364 0.0 0.0 0.0 0.0 2.393548 0.0 