buy_cnt: 1 1 1 1 0 1 0 0.0 0 1 1 1 1 
buy_price: 1022.0 212.24 190.55 81.19 0.0 64.495 0.0 0.0 0.0 29.7 220.4 2.4175 385.4 
spis: FIVE GAZP MTSS ALRS DSKY RUAL SBER YNDX VTBR AFLT MVID IRAO FIXP 
stop_loss: 0.0 210.7464 188.862 80.9871 0.0 63.89768 114.4032 0.0 0.0 0.0 221.3 2.41494 385.502 